,Restaurant_ID,Name,Type,Area,Rating,Review,Restaurant Address,Latitude,Longitude,Price
0,0,Hause Rooftop,"['Casual Dining', 'Bar', 'Western', 'Coffee', 'Tea']",Setiabudi,4.3,1282,"MD Place Bulding, Lantai 6, Jl. Setiabudi Selatan No. 7, Kuningan, Jakarta",-62.081.643.570,106.828.454.285,
1,1,The Neighbourhood,"['Fine Dining', 'Indonesian']",Dharmawangsa,4.4,770,"Jl. Cipaku I No. 85, Dharmawangsa, Jakarta 12170",-62.395.528.820,106.814.613.081,
2,2,SKYE,"['Fine Dining', 'Lounge', 'Fusion', 'European', 'Asian']",Thamrin,4.3,2827,"Menara BCA, Lantai 56, Jl. MH. Thamrin, Thamrin, Jakarta",-61.967.130.000,106.822.580.000,
3,3,WAKI Japanese BBQ Dining,"['Casual Dining', 'Japanese', 'BBQ']",Thamrin,4.9,2995,"Lantai 1, Jl. Tanjung Karang No. 5, Thamrin, Jakarta",-62.011.260.000,106.822.306.000,
4,4,3 Wise Monkeys,"['Casual Dining', 'Japanese', 'Sushi']",Senopati,4.2,2091,"Jl. Senopati No. 46, Senopati, Jakarta",-62.311.835.698,106.808.081.232,
5,5,GIOI,"['Casual Dining', 'Asian']",Senopati,4.8,1287,"Jl. Senopati Raya No. 88, Senopati, Jakarta 12190",-62.329.230.352,106.811.388.060,
6,6,Bottega Ristorante,"['Casual Dining', 'Bar', 'Italian']",SCBD,4.1,1366,"Fairgrounds, SCBD Lot 14, Jl. Jenderal Sudirman, SCBD, Jakarta 12190",-62.263.060.000,106.807.505.000,
7,7,Twinhouse,"['Casual Dining', 'Asian', 'Western', 'Italian']",Fatmawati,4.3,1030,"Jl. Cipete Raya No. 4B, Fatmawati, Jakarta",-62.786.330.000,106.804.856.000,
8,8,Toodz House,"['Café', 'Casual Dining', 'Coffee', 'Italian', 'Asian']",Fatmawati,4.6,2606,"Jl. Cipete Raya No. 79, Fatmawati, Jakarta",-62.779.000.000,106.801.808.000,
9,9,Okuzono,"['Casual Dining', 'Japanese']",Senopati,4.4,1095,"Jl. Suryo No. 1, Senopati, Jakarta",-62.336.152.869,106.812.021.397,
10,10,SIKU,"['Casual Dining', 'Desserts', 'Indonesian', 'American', 'Coffee', 'Tea']",Dharmawangsa,4.1,916,"Jl. Dharmawangsa X No. 120A, Dharmawangsa, Jakarta",-62.576.242.210,106.800.790.987,
11,11,The Edge,"['Casual Dining', 'Asian', 'Grill']",Kemang,3.8,869,"Kemang Icon Building, Lantai 5, Jl. Kemang Raya I, Kemang, Jakarta",-62.558.618.413,106.815.133.430,
12,12,Tucano's Churrascaria - Brazilian BBQ & Buffet,"['Casual Dining', 'Steak', 'Grill', 'BBQ', 'South American']",Sudirman,4.7,769,"Pavilion Retail Arcade, Lantai Dasar, Jl. K.H Mas Mansyur, Sudirman, Jakarta",-62.079.620.378,106.817.726.790,
13,13,Bunga Rampai,"['Fine Dining', 'Indonesian']",Menteng,4.5,1167,"Jl. Teuku Cik Ditiro No. 35, Menteng, Jakarta",-61.985.180.000,106.837.351.000,
14,14,Sofia at The Gunawarman,"['Casual Dining', 'Western', 'European', 'Asian']",Senopati,4.2,1092,"The Gunawarman, Jl. Gunawarman No. 3, Senopati, Jakarta 12110",-62.320.558.029,106.807.750.314,
15,15,MammaRosy,"['Casual Dining', 'Italian', 'Pizza']",Kemang,4.3,1433,"Jl. Kemang Raya No. 58, Kemang, Jakarta",-62.635.430.000,106.815.788.000,
16,16,Blue Jasmine,"['Casual Dining', 'Peranakan', 'Indonesian']",Blok M,4.3,707,"The Maja, Jl. Kyai Maja No. 39, Blok M, Jakarta",-62.410.583.508,106.789.364.107,
17,17,Odysseia,"['Casual Dining', 'Desserts', 'European', 'Indonesian']",SCBD,4.0,1010,"Pacific Place Mall, Lantai South Lobby, Jl. Jenderal Sudirman, SCBD, Jakarta",-62.261.190.000,106.809.930.000,
18,18,Le Quartier,"['Casual Dining', 'Wine Bar', 'French', 'Western']",Senopati,4.6,1228,"Jl. Gunawarman No. 34, Senopati, Jakarta",-62.377.367.816,106.807.217.560,
19,19,Lawless Burgerbar,"['Casual Dining', 'Burger']",Kemang,4.7,1893,"Jl. Kemang Selatan VIII No. 67H-67I, Kemang, Jakarta",-62.679.110.938,106.814.406.551,
20,20,Henshin - The Westin Jakarta,"['Fine Dining', 'Bar', 'Peruvian', 'Japanese']",Kuningan,4.5,996,"The Westin Jakarta, Lantai 67-69, Jl. H. R. Rasuna Said, Kuningan, Jakarta 12940",-62.242.916.437,106.833.816.692,
21,21,Kashiwa,"['Casual Dining', 'Bar', 'Japanese']",Melawai,4.3,1091,"Jl. Melawai 8 No. 2A, Melawai, Jakarta",-62.449.631.508,106.799.346.953,
22,22,On Three,"['Café', 'Cafe', 'Desserts', 'Coffee', 'Tea']",SCBD,4.2,783,"Senopati Suites 3, 3rd Floor, Jl. Senopati Raya 41, Kebayoran Baru, RT.8/RW.2, Senayan, Kec. Kby. Baru, Kota Jakarta Selatan, Daerah Khusus Ibukota Jakarta",-62.294.101.023,106.802.603.825,
23,23,Sushi Hiro,"['Casual Dining', 'Japanese']",Senopati,4.6,6841,"Jl. Suryo No. 24, Senopati, Jakarta",-62.352.284.263,106.813.301.146,
24,24,Lemongrass,"['Casual Dining', 'Peranakan', 'Indonesian', 'Dimsum']",Bogor Utara,4.1,2065,"Jl. Raya Pajajaran No. 21, Bogor Utara, Bogor",-65.767.095.881,106.808.047.033,
25,25,Lucy in the Sky,"['Lounge', 'Casual Dining', 'Western', 'Asian']",SCBD,4.0,1110,"Fairgrounds, SCBD Lot 14, Jl. Jenderal Sudirman, SCBD, Jakarta",-62.264.180.000,106.807.119.000,
26,26,Lucky Cat Coffee & Kitchen,"['Café', 'Casual Dining', 'Cafe', 'Western']",Kuningan,4.2,1694,"Plaza Festival, South Parking, Jl. H.R. Rasuna Said, Kuningan, Jakarta",-62.219.895.377,106.833.554.171,
27,27,Daitokyo Sakaba,"['Quick Bites', 'Japanese', 'Ramen']",Melawai,4.3,1280,"Jl. Melawai 9 No. 26, Melawai, Jakarta",-62.455.444.022,106.800.359.152,
28,28,Plataran Menteng,"['Fine Dining', 'Indonesian']",Menteng,4.4,915,"Jl. HOS. Cokroaminoto No. 42, Menteng, Jakarta",-61.919.540.000,106.828.573.000,
29,29,Wyl's Kitchen - Veranda Hotel At Pakubuwono,"['Casual Dining', 'Indonesian']",Gandaria,4.3,956,"Veranda Hotel At Pakubuwono, Jl. Kyai Maja No. 63, Gandaria, Jakarta 12130",-62.399.460.000,106.785.755.000,
30,30,Giyanti Coffee Roastery,"['Café', 'Coffee']",Cikini,4.8,1372,"Jl. Surabaya No. 20, Cikini, Jakarta",-61.989.270.000,106.839.468.000,
31,31,Legend of Noodle,"['Casual Dining', 'Korean']",Senopati,4.6,1463,"Jl. Senopati No. 81, Senopati, Jakarta",-62.332.056.686,106.812.229.603,
32,32,Cork & Screw Country Club,"['Lounge', 'Casual Dining', 'European', 'Grill', 'Asian']",Senayan,4.1,761,"Senayan National Golf Club - The Maj Senayan, Jl. Asia Afrika Pintu IX, Senayan, Jakarta",-62.256.045.096,106.797.773.838,
33,33,Cutt & Grill,"['Casual Dining', 'Grill', 'Burger', 'Steak', 'Kebab']",Tebet,4.6,1210,"Jl. Tebet Barat Dalam Raya No. 23, Tebet, Jakarta",-62.357.880.000,106.846.870.000,
34,34,Kintaro Sushi,"['Casual Dining', 'Sushi', 'Japanese']",Senopati,4.7,3316,"Jl. Suryo No. 20, Senopati, Jakarta",-62.346.211.665,106.813.008.785,
35,35,Kopi Kalyan,"['Café', 'Cafe', 'Western', 'Indonesian']",Senopati,4.2,955,"Jl. Cikajang No. 61, Senopati, Jakarta",-62.433.297.108,106.809.213.124,
36,36,Social House,"['Casual Dining', 'Italian', 'Japanese']",Thamrin,4.3,2123,"Grand Indonesia Mall, East Mall, Lantai 1, Jl. M. H. Thamrin No. 1, Thamrin, Jakarta",-61.951.780.000,106.820.437.000,
37,37,Namaaz Dining,"['Fine Dining', 'Indonesian']",Senopati,4.9,927,"Jl. Gunawarman No. 42, Senopati, Jakarta",-62.385.876.732,106.806.963.086,
38,38,Hokkaido Izakaya,"['Casual Dining', 'Japanese', 'Sushi']",Sudirman,4.7,1134,"Pavilion Retail Arcade, Lantai Dasar, Jl. K.H. Mas Mansyur Kav. 24, Sudirman, Jakarta",-62.077.490.000,106.817.745.000,
39,39,JimBARan Lounge - AYANA Midplaza JAKARTA,"['Lounge', 'Bar', 'Asian']",Sudirman,4.1,536,"AYANA Midplaza JAKARTA, Jl. Jend. Sudirman Kav. 10-11, Sudirman, Jakarta",-62.090.232.960,106.819.872.893,
40,40,La Vue Rooftop Bar - The Hermitage,"['Lounge', 'Casual Dining', 'Finger Food', 'Western']",Cikini,4.2,371,"The Hermitage, Lantai 9. Jl. Cilacap No. 1, Menteng, Jakarta 10310",-61.982.800.000,106.838.072.000,
41,41,OKU - Hotel Indonesia Kempinski,"['Fine Dining', 'Bar', 'Japanese', 'Sushi']",Thamrin,4.9,933,"Hotel Indonesia Kempinski, Jl. M. H. Thamrin, Thamrin, Jakarta",-61.956.170.000,106.822.359.000,
42,42,Eighty/Nine Eatery & Spirit,"['Casual Dining', 'Western', 'Asian']",Kemang,4.2,1028,"Jl. Kemang Raya No. 89, Kemang, Jakarta",-62.704.200.000,106.815.768.000,
43,43,BART - Bar at The Roof Top - Artotel Jakarta,"['Casual Dining', 'Continental', 'Indonesian']",Thamrin,4.0,540,"Artotel Jakarta, Lantai 7, Jl. Sunda No. 3, Thamrin, Jakarta",-61.888.510.000,106.824.792.000,
44,44,Paulaner Brauhaus,"['Bar', 'Casual Dining', 'German']",Thamrin,4.6,1912,"Grand Indonesia Mall, East Mall, Lantai 2, Jl. M. H. Thamrin No. 1, Thamrin, Jakarta",-61.963.100.000,106.822.536.000,
45,45,Seasonal Tastes - The Westin Jakarta,"['Casual Dining', 'Indonesian', 'Indian', 'Western']",Kuningan,4.4,863,"The Westin Jakarta, Jl. H. R. Rasuna Said, Kuningan, Jakarta",-62.243.216.407,106.833.692.975,
46,46,Seirock-Ya,"['Casual Dining', 'Japanese', 'Ramen']",Gandaria,4.7,1571,"Jl. Ahmad Dahlan no. 22, Gandaria, Jakarta",-62.464.100.000,106.791.743.000,
47,47,Sushi Masa,"['Casual Dining', 'Sushi', 'Japanese']",Pluit,4.9,1544,"Jl. Tuna Raya No. 5, Pluit, Jakarta",-61.013.300.000,106.800.190.000,
48,48,Warung MJS,"['Casual Dining', 'Jawa', 'Indonesian']",Setiabudi,4.4,1223,"Jl. Setiabudi Tengah No.11, Setiabudi, Jakarta",-62.092.899.434,106.826.593.838,
49,49,Bluegrass Bar & Grill,"['Bar', 'Casual Dining', 'Grill', 'American', 'European']",Kuningan,4.5,1020,"Bakrie Tower, Lantai Ground, Jl. H.R. Rasuna Said, Kuningan, Jakarta",-62.197.300.842,106.834.257.580,
50,50,Gordi HQ,"['Café', 'Coffee']",Cilandak,4.3,658,"Jl. Jeruk Purut Dalam No. 25, Cilandak, Jakarta 12560",-62.841.950.000,106.811.778.000,
51,51,MONKS,"['Casual Dining', 'Café', 'Western', 'Asian', 'Cafe']",Kelapa Gading,4.2,908,"Komplek Graha Boulevard Timur, Summarecon Kelapa Gading, Jl. Boulevard Timur, Blok ND 1 No. 51, Kelapa Gading, Jakarta",-61.640.986.132,106.911.238.655,
52,52,Por Que No,"['Casual Dining', 'Spanish']",Menteng,4.1,597,"De Ritz Building, Lantai 5, Jl. HOS. Cokroaminoto No. 91, Menteng, Jakarta",-61.978.970.000,106.828.710.000,
53,53,Crematology Coffee Roasters,"['Café', 'Casual Dining', 'Coffee', 'Italian', 'Western', 'Desserts']",Senopati,4.2,1221,"Jl. Suryo No. 25, Senopati, Jakarta",-62.355.727.176,106.813.828.870,
54,54,Two Stories,"['Casual Dining', 'Western']",Bogor Timur,4.1,1217,"Jl. Pajajaran Indah V No. 7, Bogor Timur, Bogor",-66.094.410.000,106.812.864.000,
55,55,Osteria GIA,"['Casual Dining', 'Italian']",SCBD,4.8,452,"Pacific Place Mall, Lantai Ground, Jl. Jenderal Sudirman, SCBD, Jakarta",-62.250.470.000,106.810.309.000,
56,56,Tokyo Skipjack,"['Casual Dining', 'Japanese', 'Steak']",Blok M,4.5,1298,"Jl. Bulungan Raya No. 16, Blok M, Jakarta",-62.425.880.000,106.795.975.000,
57,57,Ottoman's Coffee Brewers,"['Café', 'Coffee', 'Western', 'Italian']",Kuningan,4.2,826,"Sopo Del Tower, Lantai Ground, Jl. Mega Kuningan Barat III, Kuningan, Jakarta",-62.312.650.000,106.823.951.000,
58,58,dia.lo.gue,"['Casual Dining', 'Western', 'Italian', 'Indonesian']",Kemang,3.9,886,"Jl. Kemang Selatan Raya No. 99A, Kemang, Jakarta",-62.729.090.000,106.816.341.000,
59,59,The Garden,"['Casual Dining', 'Fusion', 'Indonesian', 'Japanese', 'Western']",Pantai Indah Kapuk,4.4,1695,"Ruko Garden House, Blok B No. 27, Jl. Pantai Indah Kapuk, Pantai Indah Kapuk, Jakarta",-61.104.530.000,106.737.743.000,
60,60,Union,"['Casual Dining', 'Italian', 'American', 'Desserts']",Senayan,4.5,2226,"Plaza Senayan, Lantai Ground, Jl. Asia Afrika, Senayan, Jakarta",-62.243.110.000,106.798.983.000,
61,61,Bansan,"['Quick Bites', 'Japanese']",Fatmawati,4.8,921,"Jl. Cipete Raya No. 65, Fatmawati, Jakarta",-62.777.770.000,106.800.374.000,
62,62,Harlequin Bistro,"['Casual Dining', 'Western', 'Asian', 'Bakery']",Kemang,4.1,531,"Jl. Kemang 1 No. 10A-10B, Kemang, Jakarta 12730",-62.579.430.000,106.813.293.000,
63,63,Kila Kila by Akasya,"['Casual Dining', 'Indonesian']",SCBD,4.3,647,"Lot 4, Lantai 7, Jl. Jend. Sudirman Kav. 52-53, SCBD, Jakarta",-62.236.030.000,106.810.778.000,
64,64,Fujin Japanese Teppanyaki & Sake,"['Casual Dining', 'Bar', 'Japanese']",Senopati,4.5,792,"Jl. Gunawarman No. 21, Senopati, Jakarta",-62.331.393.431,106.807.822.734,
65,65,Maple & Oak,"['Casual Dining', 'Western']",Menteng,4.3,933,"De Ritz Building, Lantai Ground, Jl. HOS. Cokroaminoto No. 91, Menteng, Jakarta 10310",-61.980.510.000,106.828.784.000,
66,66,The Café - Hotel Mulia,"['Fine Dining', 'Indonesian', 'Western']",Senayan,4.9,2009,"Hotel Mulia, Jl. Asia Afrika, Senayan, Jakarta",-62.149.550.000,106.797.046.000,
67,67,Segarra,"['Casual Dining', 'Lounge', 'Seafood', 'Western', 'Asian']",Ancol,4.2,1126,"Taman Impian Jaya Ancol, Jl. Lodan Timur, Ancol, Jakarta",-61.163.100.000,106.858.079.000,
68,68,7 Speed Coffee,"['Café', 'Coffee', 'Italian', 'Desserts']",Kemang,4.4,594,"Jl. Kemang Utara Raya No. 33-1, Kemang, Jakarta",-62.578.448.513,106.820.862.628,
69,69,Kopi Nalar,"['Café', 'Quick Bites', 'Coffee', 'Western']",Senopati,4.3,764,"Jl. Prof. Joko Sutono No. 7, Senopati, Jakarta",-62.423.175.153,106.807.894.818,
70,70,OJJU,"['Casual Dining', 'Korean']",Tebet,4.2,3188,"Kota Kasablanka, Lantai Upper Ground, Food Society, Jl. Casablanca Raya, Tebet, Jakarta",-62.235.280.000,106.842.437.000,
71,71,Loewy,"['Casual Dining', 'Bar', 'Western']",Kuningan,4.3,1196,"Oakwood, Lantai Ground, Jl. Lingkar Mega Kuningan, Kuningan, Jakarta",-62.274.603.145,106.825.629.249,
72,72,Lewis & Carroll Tea,"['Café', 'Casual Dining', 'Coffee', 'Tea', 'Western']",Blok M,4.5,713,"Jl. Bumi No. 4, Blok M, Jakarta",-62.367.250.000,106.789.863.000,
73,73,Sudestada Grill," Bar & Cafe['Casual Dining', 'Grill', 'South American']",Thamrin,4.6,488,"Jl. Irian No. 18, Thamrin, Jakarta 10350",-61.918.470.000,106.824.136.000,
74,74,Shabu Ghin,"['Casual Dining', 'Japanese']",Senopati,4.4,959,"Jl. Wolter Monginsidi No. 53, Senopati, Jakarta",-62.390.206.176,106.810.260.862,
75,75,Fedwell,"['Café', 'Quick Bites', 'Healthy Food']",Senopati,4.6,897,"Jl. Senopati No. 82, Senopati, Jakarta",-62.327.937.170,106.810.990.087,
76,76,Trafique Coffee,"['Café', 'Cafe']",Senayan,4.3,851,"Jl. Hang Tuah Raya No. 9, Senayan, Jakarta",-62.304.010.000,106.797.760.000,
77,77,SKYLOFT - All Seasons Hotel,"['Casual Dining', 'Lounge', 'Indonesian', 'Western']",Thamrin,3.9,455,"All Seasons Hotel, Lantai 14, Jl. Talang Betutu No. 2, Thamrin, Jakarta",-62.014.070.000,106.822.151.000,
78,78,BASQUE Bar de Tapas,"['Casual Dining', 'Bar', 'Spanish']",Kuningan,4.5,785,"Noble House Building, Lantai 8, Jl. Mega Kuningan Barat, Kuningan, Jakarta 12950",-62.282.180.000,106.825.387.000,
79,79,Kimukatsu,"['Casual Dining', 'Japanese']",Tebet,4.3,1336,"Kota Kasablanka, Lantai Upper Ground, Food Society, Jl. Casablanca Raya, Tebet, Jakarta",-62.227.890.000,106.842.023.000,
80,80,Ruth's Chris Steak House,"['Fine Dining', 'Steak']",Karet,4.6,561,"Somerset Grand Citra, Lantai Ground, Jl. Prof Dr Satrio Kav 1, Karet, Jakarta",-62.248.399.215,106.824.214.384,
81,81,ONNI House,"['Casual Dining', 'Indonesian', 'Japanese']",Tanjung Duren,4.3,1255,"Jl Tanjung Duren Utara V No. 242, Tanjung Duren, Jakarta",-61.731.810.000,106.781.495.000,
82,82,Tugu Kunstkring Paleis,"['Fine Dining', 'Betawi', 'Jawa', 'Western', 'Indonesian']",Menteng,4.7,645,"Jl. Teuku Umar No. 1, Menteng, Jakarta",-61.888.410.000,106.833.331.000,
83,83,Satoo - Shangri-La Hotel,"['Fine Dining', 'Indonesian', 'Western']",Sudirman,4.4,1736,"Shangri-La Hotel, Jl. Jendral Sudirman Kav. 1, Sudirman, Jakarta",-62.030.536.912,106.818.792.633,
84,84,Hello Sunday,"['Casual Dining', 'Italian', 'Asian', 'Desserts', 'Coffee']",Cikini,4.4,797,"Metropole 21 Lantai 2, Jl. Pegangsaan Timur No. 21, Cikini, Jakarta",-62.001.600.000,106.843.646.000,
85,85,HONU Poké & Matcha Bar,"['Casual Dining', 'Japanese', 'Tea', 'Beverages', 'Healthy Food']",Kemang,4.8,1071,"Jl. Kemang Selatan Raya No. 125, Kemang, Jakarta",-62.729.260.000,106.815.732.000,
86,86,Benedict,"['Casual Dining', 'Western']",Thamrin,4.4,1379,"Grand Indonesia Mall, East Mall, Lantai Lower Ground, Jl. M. H. Thamrin No. 1, Thamrin, Jakarta",-61.960.820.000,106.822.120.000,
87,87,Three Buns,"['Casual Dining', 'Burger']",Senopati,4.1,1290,"Jl. Senopati No. 90, Senopati, Jakarta",-62.330.173.575,106.811.450.086,
88,88,Yakinikuya,"['Casual Dining', 'Japanese']",Dharmawangsa,4.8,1196,"Dharmawangsa Square, Jl. Dharmawangsa VI, Dharmawangsa, Jakarta",-62.534.612.226,106.801.743.507,
89,89,Pokenbir,"['Casual Dining', 'Asian', 'Western']",Setiabudi,4.9,1193,"Lippo Kuningan, Jl. HR Rasuna Said, Setiabudi, Jakarta",-62.175.539.471,106.830.099.821,
90,90,Tsamara Resto & Function Hall,"['Casual Dining', 'Indonesian']",Pondok Melati,4.1,611,"Jl. Raya Hankam No. 69, Pondok Melati, Bekasi",-63.414.770.000,106.923.028.000,
91,91,Nicole's Kitchen & Lounge,"['Casual Dining', 'Western', 'Asian']",Cisarua,4.2,942,"Kampoeng Brasco, Jl. Raya Hanjawar No. 1, Cisarua, Bogor 43253",-67.139.220.000,107.023.893.000,
92,92,Cliq Coffee,"['Café', 'Quick Bites', 'Coffee', 'Western', 'Indonesian']",Senopati,4.2,414,"Jl. Cipaku I No. 9A, Senopati, Jakarta",-62.395.375.506,106.811.348.497,
93,93,Jetski Cafe,"['Casual Dining', 'Seafood']",Pluit,4.2,791,"Pantai Mutiara, Jl. Raya Pantai Mutiara, Blok R No. 57, Pluit, Jakarta",-61.034.493.621,106.790.332.384,
94,94,Gelato Secrets,"['Dessert Parlor', 'Ice Cream']",Menteng,4.6,846,"Shophaus, Lantai 1, Jl. Teuku Cik Ditiro No. 36, Menteng, Jakarta",-61.976.190.000,106.836.528.000,
95,95,FEZ Kinara & Aroi Thai,"['Casual Dining', 'Bar', 'North Indian', 'Indian', 'Moroccan', 'Middle Eastern', 'Thai']",Kemang,4.3,422,"Jl. Kemang Raya No. 78 B, Kemang, Jakarta",-62.693.544.925,106.815.876.402,
96,96,Mister - Sunday,"['Café', 'Cafe', 'Australian', 'Coffee', 'Tea']",Senopati,4.1,673,"Jl. Cikajang No. 30, Senopati, Jakarta",-62.411.316.744,106.810.323.894,
97,97,Goedkoop,"['Café', 'Quick Bites', 'Cafe', 'Coffee', 'Belanda']",Bendungan Hilir,4.3,1152,"Jl. Bendungan Hilir Raya No. 62, Bendungan Hilir, Jakarta",-62.128.700.000,106.812.781.000,
98,98,Zenbu,"['Casual Dining', 'Sushi', 'Ramen', 'Japanese']",Tebet,4.5,1511,"Kota Kasablanka, Lantai Upper Ground, Food Society, Jl. Casablanca Raya, Tebet, Jakarta",-62.242.250.000,106.842.805.000,
99,99,Pizza Place,"['Quick Bites', 'Pizza']",Kemang,4.8,813,"Como Park, Jl. Kemang Timur Raya No. 998, Kemang, Jakarta",-62.724.860.000,106.821.250.000,
100,100,Woodpecker Coffee,"['Café', 'Desserts', 'Tea', 'Coffee']",Dharmawangsa,4.2,716,"Jl. Panglima Polim V No. 23, Dharmawangsa, Jakarta",-62.507.946.333,106.798.142.977,
101,101,Tier Siera Resto & Lounge,"['Casual Dining', 'Western']",Tanah Sareal,4.0,604,"Jl. Jend. Ahmad Yani No. 48, Tanah Sareal, Bogor 16161",-65.762.160.000,106.800.238.000,
102,102,Foresthree,"['Café', 'Cafe', 'Western']",Bogor Utara,4.2,863,"Jl. H. Achmad Adnawijaya, Bogor Utara, Bogor",-65.777.830.000,106.817.633.000,
103,103,Sana Sini Restaurant - Pullman Jakarta Indonesia,"['Fine Dining', 'Japanese', 'Chinese', 'Western', 'Indonesian']",Thamrin,4.7,840,"Pullman Jakarta Indonesia, Jl. M.H. Thamrin 59, Thamrin, Jakarta",-61.936.040.000,106.823.753.000,
104,104,Yakiniku Kintan Buffet,"['Casual Dining', 'Japanese']",Gandaria,4.5,1263,"Gandaria City, Lantai Upper Ground, Jl. Sultan Iskandar Muda, Gandaria, Jakarta",-62.430.950.000,106.783.823.000,
105,105,Jjang Korean Noodle," Grill & Chikin’['Casual Dining', 'Korean']",Senopati,4.2,705,"Jl. Wolter Monginsidi No. 37, Senopati, Jakarta",-62.390.952.746,106.808.573.082,
106,106,Parc 19,"['Casual Dining', 'Lounge', 'Western', 'Asian']",Kemang,4.2,574,"Jl. Taman Kemang No. 19, Kemang, Jakarta",-62.559.260.000,106.810.325.000,
107,107,Sophie Authentique,"['Casual Dining', 'Bakery', 'French', 'Coffee', 'Desserts', 'Bakery']",Fatmawati,4.2,429,"Jl. Cipete Raya No. 11, Fatmawati, Jakarta",-62.779.998.041,106.801.886.335,
108,108,Al Jazeerah Signature,"['Casual Dining', 'Arabian', 'Middle Eastern']",Menteng,4.3,495,"Jl. Johar No. 8, Menteng, Jakarta",-61.871.770.000,106.831.998.000,
109,109,Happiness Kitchen & Coffee,"['Café', 'Coffee', 'Western']",Jagakarsa,4.0,739,"Jl. M. Kahfi 1 No. 36A, Jagakarsa, Jakarta",-63.302.290.000,106.808.964.000,
110,110,B'Steak Grill & Pancake,"['Casual Dining', 'Steak', 'Grill']",Serpong Utara,4.4,1087,"Ruko Golden 8, Jl. Ki Hajar Dewantara, Blok F No. 3, Serpong Utara, Tangerang 11151",-62.396.430.000,106.637.187.000,
111,111,Langit Seduh - Takes Mansion & Hotel,"['Café', 'Coffee', 'Indonesian', 'Snacks']",Tanah Abang,3.2,356,Takes Mansion &amp,,,
112,112,Ecology Bistro and Lounge,"['Casual Dining', 'Lounge', 'Western']",Kemang,4.1,406,"Jl. Kemang Raya No. 6, Kemang, Jakarta 12730",-62.565.147.357,106.814.536.303,
113,113,Seribu Rasa,"['Casual Dining', 'Seafood', 'Jawa', 'Peranakan']",Thamrin,4.5,656,"Jl. Haji Agus Salim No. 128, Thamrin, Jakarta",-61.954.940.000,106.824.827.000,
114,114,BYURGER,"['Quick Bites', 'Burger']",Fatmawati,4.4,638,"Jl. Antasari Raya, Pasar Cipete Selatan No. 10, Fatmawati, Jakarta",-62.788.680.000,106.807.926.000,
115,115,FJ On 7,"['Lounge', 'Asian', 'Western']",Kemang,4.0,632,"Colony 6, Rooftop, Jl. Kemang Raya No. 6A, Kemang, Jakarta",-62.553.880.000,106.810.357.000,
116,116,Holy Smokes,"['Casual Dining', 'Grill', 'Steak']",Senopati,4.4,1441,"Jl. Wolter Monginsidi No. 27, Senopati, Jakarta",-62.389.300.000,106.807.761.000,
117,117,Gurih 7,"['Casual Dining', 'Sunda', 'Jawa', 'Indonesian']",Bogor Utara,4.2,1925,"Jl. Raya Pajajaran No.102, Bogor Utara, Bogor 16153",-65.739.320.000,106.807.550.000,
118,118,Fillmore Coffee,"['Café', 'Cafe']",Setiabudi,4.4,477,"Suites@ Seven, Jl. H. Sidik No. 7, Setiabudi, Jakarta",-62.206.663.304,106.823.557.913,
119,119,Kedai Filosofi Kopi,"['Café', 'Coffee']",Melawai,4.1,985,"Jl. Melawai 6, Melawai, Jakarta",-62.448.578.322,106.799.778.454,
120,120,Sumibi Japanese Restaurant,"['Casual Dining', 'Japanese']",Gandaria,4.6,604,"1 Park Residences, Jl. KH. M Syafi'i Hadzami No. 1, Gandaria, Jakarta",-62.457.690.000,106.788.394.000,
121,121,Sushi Go!,"['Food Court', 'Sushi', 'Japanese']",Thamrin,4.5,3818,"Grand Indonesia Mall, Lantai 5, FoodPrint, West Mall, Jl. MH Thamrin, Thamrin, Jakarta",-61.950.580.000,106.820.135.000,
122,122,Onokabe,"['Casual Dining', 'Japanese']",Serpong Utara,3.8,1004,"Alam Sutera Town Center, Jl. Alam Utama, Serpong Utara, Tangerang",-62.417.640.000,106.652.677.000,
123,123,Kikugawa,"['Casual Dining', 'Japanese', 'Sushi']",Cikini,4.5,501,"Jl. Cikini 4 No. 13, Cikini, Jakarta",-61.933.400.000,106.837.795.000,
124,124,Dope Burger & Co.,"['Casual Dining', 'Burger']",Menteng,4.3,774,"Jl. Teuku Cik Ditiro No. 25, Menteng, Jakarta",-61.971.070.000,106.837.075.000,
125,125,Bistecca,"['Casual Dining', 'Steak', 'Italian']",SCBD,4.4,492,"18 Parc SCBD, Tower C, Lantai Ground, Jl. Jenderal Sudirman Kav 52-53, SCBD, Jakarta",-62.301.466.870,106.810.180.060,
126,126,Mottomoo,"['Casual Dining', 'Japanese']",SCBD,4.3,1023,"Pacific Place Mall, Lantai 5, Jl. Jenderal Sudirman, SCBD, Jakarta",-62.258.114.882,106.809.755.936,
127,127,Talaga Sampireun,"['Casual Dining', 'Sunda', 'Indonesian']",Ancol,4.3,3848,"Taman Impian Jaya Ancol, Jl. Lapangan Golf 7, Ancol, Jakarta",-61.264.220.000,106.833.536.000,
128,128,Kluwih Sunda Authentic,"['Casual Dining', 'Indonesian']",Bogor Timur,4.4,766,"Jl. Bina Marga I No. 12, Bogor Timur, Bogor",-66.028.730.000,106.810.907.000,
129,129,Paradigma,"['Café', 'Coffee', 'Indonesian']",Cikini,3.8,578,"Jl. Pegangsaan Barat No. 4, Cikini, Jakarta",-61.974.340.000,106.839.832.000,
130,130,OSO Ristorante,"['Fine Dining', 'Italian']",Thamrin,4.3,294,"Altitude - The Plaza, Lantai 46, Jl. M. H. Thamrin Kav. 28-30, Thamrin, Jakarta 10350",-61.934.260.000,106.821.924.000,
131,131,Sleepyhead Coffee,"['Café', 'Cafe']",Senopati,4.2,376,"Jl. Gunawarman No. 63, Senopati, Jakarta 12180",-62.377.604.453,106.807.551.495,
132,132,Latteria Gelato and Dessert Bar,"['Dessert Parlor', 'Desserts', 'Ice Cream']",Pantai Indah Kapuk,4.6,1280,"Ruko Crown Golf, Blok D No. 39, Bukit Golf Mediterania, Jl. Marina Indah Raya, Pantai Indah Kapuk, Jakarta",-61.113.249.700,106.738.382.019,
133,133,Kayu Kayu Restaurant,"['Casual Dining', 'Indonesian']",Pinang,3.9,654,"Jl. Jalur Sutera No. 28A, Pinang, Tangerang",-62.331.770.053,106.660.175.174,
134,134,Walking Drums,"['Café', 'Indonesian']",Blok M,4.2,655,"Jl. Pati Unus Blok F4, Blok M, Jakarta",-62.354.480.000,106.795.941.000,
135,135,,,,,,,,,
